"","X","GDP","Population","export","GDP_rescale","reg_q_rescale","pol_sta_rescale"
"2",2,2.2,93581,45.3,1.95030705159879,3.70722433460076,4.51219512195122
"3",3,2.5,113648,NA,2.80814569068963,5,4.88292682926829
"4",4,9.1,327316,38.6,2.49445895390697,3.28136882129278,4.29756097560976
"5",5,4.8,291495,37.3,2.02089362603233,3.67680608365019,5
"6",6,0.4,18659,NA,2.4265546693019,NA,NA
"7",7,0.5,34232,NA,3.1239500247053,NA,NA
"8",8,2.5,57268,NA,5,4.14828897338403,4.74634146341463
"9",9,128.5,11179995,NA,1.50391755488106,1,3.55609756097561
"10",10,3.1,149035,NA,2.34672125361756,NA,NA
"11",11,0.8,73757,40.9,1.44462483235689,3.29657794676806,4.74634146341463
"12",12,160.9,10606865,24.7,1.39514364367897,2.84030418250951,2.75609756097561
"13",13,1.5,111219,26.9,1.5519870120703,2.91634980988593,4.00487804878049
"14",14,8,402119,NA,2.48161219736006,NA,NA
"15",15,19.4,10485800,20,1,1.13688212927757,1
"16",16,25.4,2970340,29.8,1.29328721677137,3.06844106463878,2.6
"17",17,10.7,385552,NA,2.64664360838569,4.80228136882129,4.39512195121951
"18",18,64,5267,NA,1.82000423519447,NA,NA
"19",19,131,3578056,NA,2.06656313969083,4.39163498098859,4.06341463414634
"20",20,0,1920,NA,2.61007976282911,NA,NA
"21",21,1.4,52329,43.4,2.04856356321028,3.15969581749049,3.73170731707317
"22",22,2.1,164464,46.3,1.49205901037623,3.32699619771863,4.10243902439024
"23",23,1.2,102350,25.5,1.41377849932943,NA,NA
"24",24,0.2,7209,NA,2.89948471800664,NA,NA
"25",25,561.5,31949,NA,2.30655749276488,NA,NA
"26",26,0.1,3960,NA,2.80772217124303,NA,NA
"27",27,0.4,74852,NA,2.90576692313122,NA,NA
"28",28,43.6,1220479,41.1,2.47582409825651,3.12927756653992,2.95121951219512
"29",29,632,41430,NA,2.60951507023364,NA,NA
"30",30,3.8,102951,NA,3.49241194324839,3.70722433460076,5
